Run semi-empirical minimization
 &qmmm
    qm_theory='AM1', grms_tol=0.0005,
 scfconv=1.d-10, ndiis_attempts=700,   qmcharge=0,
 /
   6     C        0.9860       -0.0420        0.1060 
   6    C1        2.5010       -0.0060        0.1190 
   8     O        2.9850       -1.1850       -0.5190 
   6    C2        4.4100       -1.2120       -0.5390 
   6    C3        4.8830       -2.4840       -1.2290 
   8    O1        6.3080       -2.4980       -1.2420 
   6    C4        6.8060       -3.6720       -1.8810 
   6    C5        8.3270       -3.6380       -1.8650 
   8    O2        8.8220       -4.8130       -2.5020 
   6    C6       10.2470       -4.8300       -2.5140 
   6    C7       10.7190       -6.1020       -3.2010 
   8    O3       12.1430       -6.1230       -3.2140 
   6    C8       12.6380       -7.3000       -3.8500 
   6    C9       14.1590       -7.2660       -3.8370 
   8    O4       14.6650       -8.4380       -4.4710 
   6   C10       16.0900       -8.4450       -4.4810 
   6   C11       16.5580       -9.7110       -5.1660 
   1     H        0.5720        0.8470        0.5890 
   1    H1        0.6170       -0.9320        0.6280 
   1    H2        0.6090       -0.0960       -0.9200 
   1    H3        2.8630        0.0310        1.1520 
   1    H4        2.8550        0.8790       -0.4200 
   1    H5        4.8030       -1.1790        0.4850 
   1    H6        4.7970       -0.3350       -1.0730 
   1    H7        4.4950       -2.5180       -2.2550 
   1    H8        4.5010       -3.3620       -0.6960 
   1    H9        6.4450       -3.7220       -2.9150 
   1   H10        6.4480       -4.5670       -1.3570 
   1   H11        8.6880       -3.5870       -0.8310 
   1   H12        8.6850       -2.7440       -2.3900 
   1   H13       10.6340       -4.7950       -1.4890 
   1   H14       10.6310       -3.9540       -3.0490 
   1   H15       10.3300       -6.1390       -4.2260 
   1   H16       10.3330       -6.9800       -2.6660 
   1   H17       12.2740       -7.3520       -4.8830 
   1   H18       12.2800       -8.1930       -3.3220 
   1   H19       14.5200       -7.2120       -2.8020 
   1   H20       14.5140       -6.3700       -4.3610 
   1   H21       16.4670       -8.4170       -3.4520 
   1   H22       16.4610       -7.5680       -5.0230 
   1   H23       16.1810      -10.5960       -4.6430 
   1   H24       17.6510       -9.7580       -5.1950 
   1   H25       16.1760       -9.7590       -6.1920 

