Run semi-empirical minimization
 &qmmm
    qm_theory='AM1', grms_tol=0.0005,
 scfconv=1.d-10, ndiis_attempts=700,   qmcharge=0,
 /
   6     C        1.0490       -0.0130        0.0800 
   6    C1        2.5640        0.0210        0.1050 
   8     O        3.0510       -0.9220       -0.8450 
   6    C2        4.4770       -0.9430       -0.8730 
   6    C3        4.9490       -1.9620       -1.9020 
   8    O1        6.3750       -1.9750       -1.9210 
   6    C4        6.8720       -2.9140       -2.8720 
   6    C5        8.3940       -2.8880       -2.8490 
   8    O2        8.8910       -3.8270       -3.7990 
   6    C6       10.3160       -3.8410       -3.8180 
   6    C7       10.7910       -4.8580       -4.8460 
   8    O3       12.2160       -4.8730       -4.8650 
   6    C8       12.7140       -5.8140       -5.8160 
   6    C9       14.2360       -5.7870       -5.7900 
   8    O4       14.7430       -6.7250       -6.7370 
   6   C10       16.1680       -6.7330       -6.7460 
   6   C11       16.6340       -7.7490       -7.7690 
   1     H        0.6320        0.6980        0.7980 
   1    H1        0.6830       -1.0170        0.3210 
   1    H2        0.6750        0.2310       -0.9200 
   1    H3        2.9260       -0.2410        1.1060 
   1    H4        2.9190        1.0250       -0.1540 
   1    H5        4.8690       -1.2080        0.1160 
   1    H6        4.8630        0.0500       -1.1310 
   1    H7        4.5610       -1.6980       -2.8940 
   1    H8        4.5650       -2.9570       -1.6460 
   1    H9        6.5110       -2.6620       -3.8760 
   1   H10        6.5140       -3.9220       -2.6300 
   1   H11        8.7560       -3.1410       -1.8440 
   1   H12        8.7530       -1.8810       -3.0900 
   1   H13       10.7040       -4.1050       -2.8260 
   1   H14       10.7010       -2.8460       -4.0730 
   1   H15       10.4030       -4.5930       -5.8380 
   1   H16       10.4060       -5.8530       -4.5910 
   1   H17       12.3520       -5.5610       -6.8200 
   1   H18       12.3530       -6.8210       -5.5740 
   1   H19       14.5930       -6.0360       -4.7840 
   1   H20       14.5920       -4.7780       -6.0310 
   1   H21       16.5430       -7.0060       -5.7530 
   1   H22       16.5430       -5.7390       -7.0110 
   1   H23       16.2520       -8.7450       -7.5250 
   1   H24       17.7260       -7.7890       -7.8090 
   1   H25       16.2520       -7.4960       -8.7640 

